{
 "cells": [
  {
   "cell_type": "code",
   "execution_count": 1,
   "id": "30835fd6",
   "metadata": {
    "scrolled": true
   },
   "outputs": [
    {
     "name": "stderr",
     "output_type": "stream",
     "text": [
      "2023-08-07 19:14:28.567534: I tensorflow/stream_executor/platform/default/dso_loader.cc:53] Successfully opened dynamic library libcudart.so.11.0\n",
      "usage: ipykernel_launcher.py [-h] [--budgets T] [--max_depth H] [--seed i]\n",
      "                             [--algo alg] [--debug_mode DEBUG_MODE]\n",
      "ipykernel_launcher.py: error: unrecognized arguments: -f /home/juju/.local/share/jupyter/runtime/kernel-3d386900-69b0-48e6-b38d-921f7d131077.json\n"
     ]
    },
    {
     "name": "stdout",
     "output_type": "stream",
     "text": [
      "*********************** \u001b[92mLogical States\u001b[0m ***********************\n",
      "OrderedDict([('ben_cube0',\n",
      "              {'on': \u001b[95mObject\u001b[0m(name=table, pos=[ 0.9   -0.6    0.043])}),\n",
      "             ('bottle0',\n",
      "              {'on': \u001b[95mObject\u001b[0m(name=table, pos=[ 0.9   -0.6    0.043])}),\n",
      "             ('can0',\n",
      "              {'on': \u001b[95mObject\u001b[0m(name=table, pos=[ 0.9   -0.6    0.043])}),\n",
      "             ('cereal0',\n",
      "              {'on': \u001b[95mObject\u001b[0m(name=table, pos=[ 0.9   -0.6    0.043])}),\n",
      "             ('table',\n",
      "              {'static': True,\n",
      "               'support': [\u001b[95mObject\u001b[0m(name=ben_cube0, pos=[ 0.55993829 -0.00222162  0.83529998]),\n",
      "                           \u001b[95mObject\u001b[0m(name=bottle0, pos=[ 0.68867991 -0.10153264  0.87515735]),\n",
      "                           \u001b[95mObject\u001b[0m(name=can0, pos=[0.63874014 0.27988355 0.85059666]),\n",
      "                           \u001b[95mObject\u001b[0m(name=cereal0, pos=[ 0.42131868 -0.18766674  0.88526188])]}),\n",
      "             ('panda_gripper', {'holding': None})])\n",
      "***************************************************************\n",
      "\n",
      "*********************** \u001b[92mLogical States\u001b[0m ***********************\n",
      "OrderedDict([('ben_cube0',\n",
      "              {'on': \u001b[95mObject\u001b[0m(name=table, pos=[ 0.9   -0.6    0.043])}),\n",
      "             ('bottle0',\n",
      "              {'on': \u001b[95mObject\u001b[0m(name=table, pos=[ 0.9   -0.6    0.043])}),\n",
      "             ('can0',\n",
      "              {'on': \u001b[95mObject\u001b[0m(name=table, pos=[ 0.9   -0.6    0.043])}),\n",
      "             ('cereal0',\n",
      "              {'on': \u001b[95mObject\u001b[0m(name=table, pos=[ 0.9   -0.6    0.043])}),\n",
      "             ('table',\n",
      "              {'static': True,\n",
      "               'support': [\u001b[95mObject\u001b[0m(name=ben_cube0, pos=[ 0.47189415 -0.22862241  0.83529998]),\n",
      "                           \u001b[95mObject\u001b[0m(name=bottle0, pos=[ 0.40412951 -0.10179989  0.87515735]),\n",
      "                           \u001b[95mObject\u001b[0m(name=can0, pos=[ 0.6645213  -0.10141758  0.85059666]),\n",
      "                           \u001b[95mObject\u001b[0m(name=cereal0, pos=[0.42014769 0.00883087 0.88526188])]}),\n",
      "             ('panda_gripper', {'holding': None})])\n",
      "***************************************************************\n",
      "\n"
     ]
    }
   ],
   "source": [
    "import numpy as np\n",
    "import argparse\n",
    "import os, time\n",
    "\n",
    "from pykin.utils import plot_utils as p_utils\n",
    "\n",
    "from pytamp.benchmark import Rearrange1\n",
    "from pytamp.benchmark.rearrange1 import make_scene\n",
    "from pytamp.search.mcts_for_rearragement import MCTS_rearrangement\n",
    "from pytamp.utils import point_cloud_utils as pc_utils\n",
    "\n",
    "def get_parser():\n",
    "    parser = argparse.ArgumentParser(description=\"Test Rearragement 1.\")\n",
    "    parser.add_argument(\"--budgets\", metavar=\"T\", type=int, default=30, help=\"Horizon\")\n",
    "    parser.add_argument(\"--max_depth\", metavar=\"H\", type=int, default=16, help=\"Max depth\")\n",
    "#     parser.add_argument(\"--seed\", metavar=\"i\", type=int, default=7, help=\"A random seed\")\n",
    "#     parser.add_argument(\"--seed\", metavar=\"i\", type=int, default=17, help=\"A random seed\")\n",
    "    parser.add_argument(\"--seed\", metavar=\"i\", type=int, default=22, help=\"A random seed\")\n",
    "    parser.add_argument(\n",
    "        \"--algo\",\n",
    "        metavar=\"alg\",\n",
    "        type=str,\n",
    "        default=\"bai_perturb\",\n",
    "        choices=[\"bai_perturb\", \"bai_ucb\", \"uct\", \"random\", \"greedy\"],\n",
    "        help=\"Choose one (bai_perturb, bai_ucb, uct)\",\n",
    "    )\n",
    "    parser.add_argument(\n",
    "        \"--debug_mode\", default=False, type=lambda x: (str(x).lower() == \"true\"), help=\"Debug mode\"\n",
    "    )\n",
    "#     parser.add_argument(\"--box_number\", metavar=\"N\", type=int, default=6, help=\"Box Number(6 or less)\")\n",
    "    try:\n",
    "        args = parser.parse_args() #call from command line\n",
    "    except:\n",
    "        args = parser.parse_args(args=[]) #call from notebook\n",
    "    return args \n",
    "\n",
    "args = get_parser() \n",
    "\n",
    "debug_mode = args.debug_mode\n",
    "# debug_mode = True\n",
    "budgets = args.budgets\n",
    "max_depth = args.max_depth\n",
    "algo = args.algo\n",
    "seed = args.seed\n",
    "np.random.seed(seed)\n",
    "\n",
    "object_names, init_scene, goal_scene = make_scene()\n",
    "rearrangement1 = Rearrange1('panda', object_names, init_scene, goal_scene, is_pyplot=False)\n",
    "\n",
    "final_level_1_values = []\n",
    "final_level_2_values = []\n",
    "final_optimal_nodes = []\n",
    "final_pnp_all_joint_paths = []\n",
    "final_pick_all_objects = []\n",
    "final_place_all_object_poses = []\n",
    "\n",
    "# final_optimal_trees = []\n",
    "c_list = 10 ** np.linspace(-2, 2.0, 10)\n"
   ]
  },
  {
   "cell_type": "code",
   "execution_count": 2,
   "id": "6f2ccc18",
   "metadata": {},
   "outputs": [
    {
     "data": {
      "text/plain": [
       "{'table': <trimesh.Trimesh(vertices.shape=(32, 3), faces.shape=(48, 3))>}"
      ]
     },
     "execution_count": 2,
     "metadata": {},
     "output_type": "execute_result"
    }
   ],
   "source": [
    "rearrangement1.init_scene._support_objects"
   ]
  },
  {
   "cell_type": "code",
   "execution_count": 3,
   "id": "cfcddf24",
   "metadata": {},
   "outputs": [
    {
     "data": {
      "text/plain": [
       "{0: {'object_names': ['ben_cube0', 'bottle0', 'can0', 'cereal0'],\n",
       "  'goal_scene': {'table': array([[ 1.   ,  0.   ,  0.   ,  0.9  ],\n",
       "          [ 0.   ,  1.   ,  0.   , -0.6  ],\n",
       "          [ 0.   ,  0.   ,  1.   ,  0.043],\n",
       "          [ 0.   ,  0.   ,  0.   ,  1.   ]]),\n",
       "   'ben_cube0': array([[ 0.45999483,  0.8879216 ,  0.        ,  0.47189415],\n",
       "          [-0.8879216 ,  0.45999483,  0.        , -0.22862241],\n",
       "          [ 0.        ,  0.        ,  1.        ,  0.83529998],\n",
       "          [ 0.        ,  0.        ,  0.        ,  1.        ]]),\n",
       "   'bottle0': array([[ 0.46694576, -0.88428596,  0.        ,  0.40412951],\n",
       "          [ 0.88428596,  0.46694576,  0.        , -0.10179989],\n",
       "          [ 0.        ,  0.        ,  1.        ,  0.87515735],\n",
       "          [ 0.        ,  0.        ,  0.        ,  1.        ]]),\n",
       "   'can0': array([[-0.97112962,  0.23855241,  0.        ,  0.6645213 ],\n",
       "          [-0.23855241, -0.97112962,  0.        , -0.10141758],\n",
       "          [ 0.        ,  0.        ,  1.        ,  0.85059666],\n",
       "          [ 0.        ,  0.        ,  0.        ,  1.        ]]),\n",
       "   'cereal0': array([[-0.25346519,  0.96734451,  0.        ,  0.42014769],\n",
       "          [-0.96734451, -0.25346519,  0.        ,  0.00883087],\n",
       "          [ 0.        ,  0.        ,  1.        ,  0.88526188],\n",
       "          [ 0.        ,  0.        ,  0.        ,  1.        ]])}}}"
      ]
     },
     "execution_count": 3,
     "metadata": {},
     "output_type": "execute_result"
    }
   ],
   "source": [
    "rearrangement1.scene_mngr.scene.benchmark_config"
   ]
  },
  {
   "cell_type": "code",
   "execution_count": 4,
   "id": "0ae7d824",
   "metadata": {},
   "outputs": [
    {
     "data": {
      "text/plain": [
       "0"
      ]
     },
     "execution_count": 4,
     "metadata": {},
     "output_type": "execute_result"
    }
   ],
   "source": [
    "rearrangement1.scene_mngr.scene.bench_num"
   ]
  },
  {
   "cell_type": "code",
   "execution_count": 5,
   "id": "fb317a85",
   "metadata": {},
   "outputs": [],
   "source": [
    "# rearrangement1.scene_mngr.scene.objs['ben_cube0'].h_mat  =  list(mcts.rearr_action.get_arbitrary_location('ben_cube0', support_obj_name='ben_cube_support',scene_for_sample=mcts.init_scene, sample_num= 1))[0]['ben_cube_support']"
   ]
  },
  {
   "cell_type": "code",
   "execution_count": 6,
   "id": "97474979",
   "metadata": {},
   "outputs": [],
   "source": [
    "# # #######################\n",
    "# fig, ax = p_utils.init_3d_figure(name=\"Rearrangement 1\")\n",
    "# # init_scene\n",
    "# rearrangement1.scene_mngr.render_scene(ax)\n",
    "# rearrangement1.render_axis(rearrangement1.scene_mngr)\n",
    "# rearrangement1.scene_mngr.show()\n",
    "\n",
    "# # goal_scene\n",
    "# # rearrangement1.goal_scene_mngr.render_scene(ax)\n",
    "# # rearrangement1.render_axis(rearrangement1.goal_scene_mngr)\n",
    "# # rearrangement1.goal_scene_mngr.show()"
   ]
  },
  {
   "cell_type": "code",
   "execution_count": 7,
   "id": "828caf6e",
   "metadata": {
    "scrolled": true
   },
   "outputs": [],
   "source": [
    "c = 2.5\n",
    "idx = 0\n",
    "mcts = MCTS_rearrangement(\n",
    "        scene_mngr=rearrangement1.scene_mngr,\n",
    "        init_scene=rearrangement1.init_scene,\n",
    "        sampling_method=args.algo,\n",
    "        budgets=args.budgets,\n",
    "        max_depth=args.max_depth,\n",
    "        c=c,\n",
    "        debug_mode=False,\n",
    "        use_pick_action=True,\n",
    "        consider_next_scene=True, \n",
    "    )\n",
    "mcts.only_optimize_1 = False"
   ]
  },
  {
   "cell_type": "code",
   "execution_count": 8,
   "id": "b358eaf8",
   "metadata": {
    "scrolled": true
   },
   "outputs": [
    {
     "name": "stdout",
     "output_type": "stream",
     "text": [
      "\n",
      "[1/10] Benchmark: 0, Algo: bai_perturb, C: 2.5, Seed: 22\n",
      "\u001b[95m=========== Search iteration : 1 ===========\u001b[0m\n",
      "ben_cube0 [{'grasp': array([[-0.09166234, -0.9943829 ,  0.05292128,  0.55560756],\n",
      "       [ 0.94754314, -0.10343988, -0.30242717,  0.01324037],\n",
      "       [ 0.30620256,  0.02242401,  0.95170224,  0.7357811 ],\n",
      "       [ 0.        ,  0.        ,  0.        ,  1.        ]],\n",
      "      dtype=float32), 'pre_grasp': array([[-0.09166234, -0.9943829 ,  0.05292128,  0.55031544],\n",
      "       [ 0.94754314, -0.10343988, -0.30242717,  0.04348309],\n",
      "       [ 0.30620256,  0.02242401,  0.95170224,  0.6406109 ],\n",
      "       [ 0.        ,  0.        ,  0.        ,  1.        ]],\n",
      "      dtype=float32), 'post_grasp': array([[-0.09166234, -0.9943829 ,  0.05292128,  0.55560756],\n",
      "       [ 0.94754314, -0.10343988, -0.30242717,  0.01324037],\n",
      "       [ 0.30620256,  0.02242401,  0.95170224,  0.8357811 ],\n",
      "       [ 0.        ,  0.        ,  0.        ,  1.        ]],\n",
      "      dtype=float32)}, {'grasp': array([[-0.09166234, -0.9943829 , -0.05292128,  0.5658743 ],\n",
      "       [ 0.7356812 , -0.10343988,  0.66938287, -0.08102521],\n",
      "       [-0.67109704,  0.02242401,  0.74103034,  0.7562162 ],\n",
      "       [ 0.        ,  0.        ,  0.        ,  1.        ]],\n",
      "      dtype=float32), 'pre_grasp': array([[-0.09166234, -0.9943829 , -0.05292128,  0.5711664 ],\n",
      "       [ 0.7356812 , -0.10343988,  0.66938287, -0.1479635 ],\n",
      "       [-0.67109704,  0.02242401,  0.74103034,  0.6821132 ],\n",
      "       [ 0.        ,  0.        ,  0.        ,  1.        ]],\n",
      "      dtype=float32), 'post_grasp': array([[-0.09166234, -0.9943829 , -0.05292128,  0.5658743 ],\n",
      "       [ 0.7356812 , -0.10343988,  0.66938287, -0.08102521],\n",
      "       [-0.67109704,  0.02242401,  0.74103034,  0.85621625],\n",
      "       [ 0.        ,  0.        ,  0.        ,  1.        ]],\n",
      "      dtype=float32)}, {'grasp': array([[ 0.09166234, -0.9943829 , -0.05292128,  0.5658743 ],\n",
      "       [-0.94754314, -0.10343988,  0.30242717, -0.0454305 ],\n",
      "       [-0.30620256,  0.02242401, -0.95170224,  0.9204113 ],\n",
      "       [ 0.        ,  0.        ,  0.        ,  1.        ]],\n",
      "      dtype=float32), 'pre_grasp': array([[ 0.09166234, -0.9943829 , -0.05292128,  0.5711664 ],\n",
      "       [-0.94754314, -0.10343988,  0.30242717, -0.07567322],\n",
      "       [-0.30620256,  0.02242401, -0.95170224,  1.0155815 ],\n",
      "       [ 0.        ,  0.        ,  0.        ,  1.        ]],\n",
      "      dtype=float32), 'post_grasp': array([[ 0.09166234, -0.9943829 , -0.05292128,  0.5658743 ],\n",
      "       [-0.94754314, -0.10343988,  0.30242717, -0.0454305 ],\n",
      "       [-0.30620256,  0.02242401, -0.95170224,  1.0204113 ],\n",
      "       [ 0.        ,  0.        ,  0.        ,  1.        ]],\n",
      "      dtype=float32)}, {'grasp': array([[ 0.09166234, -0.9943829 ,  0.05292128,  0.55560756],\n",
      "       [-0.7356812 , -0.10343988, -0.66938287,  0.04883507],\n",
      "       [ 0.67109704,  0.02242401, -0.74103034,  0.89997613],\n",
      "       [ 0.        ,  0.        ,  0.        ,  1.        ]],\n",
      "      dtype=float32), 'pre_grasp': array([[ 0.09166234, -0.9943829 ,  0.05292128,  0.55031544],\n",
      "       [-0.7356812 , -0.10343988, -0.66938287,  0.11577336],\n",
      "       [ 0.67109704,  0.02242401, -0.74103034,  0.9740792 ],\n",
      "       [ 0.        ,  0.        ,  0.        ,  1.        ]],\n",
      "      dtype=float32), 'post_grasp': array([[ 0.09166234, -0.9943829 ,  0.05292128,  0.55560756],\n",
      "       [-0.7356812 , -0.10343988, -0.66938287,  0.04883507],\n",
      "       [ 0.67109704,  0.02242401, -0.74103034,  0.99997616],\n",
      "       [ 0.        ,  0.        ,  0.        ,  1.        ]],\n",
      "      dtype=float32)}, {'grasp': array([[ 0.1610056 ,  0.9825662 ,  0.09295663,  0.5515166 ],\n",
      "       [-0.85919815,  0.18588708, -0.4766807 ,  0.03372997],\n",
      "       [-0.48564976, -0.0031199 ,  0.8741479 ,  0.7314273 ],\n",
      "       [ 0.        ,  0.        ,  0.        ,  1.        ]],\n",
      "      dtype=float32), 'pre_grasp': array([[ 0.1610056 ,  0.9825662 ,  0.09295663,  0.54222095],\n",
      "       [-0.85919815,  0.18588708, -0.4766807 ,  0.08139804],\n",
      "       [-0.48564976, -0.0031199 ,  0.8741479 ,  0.6440125 ],\n",
      "       [ 0.        ,  0.        ,  0.        ,  1.        ]],\n",
      "      dtype=float32), 'post_grasp': array([[ 0.1610056 ,  0.9825662 ,  0.09295663,  0.5515166 ],\n",
      "       [-0.85919815,  0.18588708, -0.4766807 ,  0.03372997],\n",
      "       [-0.48564976, -0.0031199 ,  0.8741479 ,  0.83142734],\n",
      "       [ 0.        ,  0.        ,  0.        ,  1.        ]],\n",
      "      dtype=float32)}, {'grasp': array([[ 0.1610056 ,  0.9825662 , -0.09295663,  0.5695502 ],\n",
      "       [-0.8424167 ,  0.18588708,  0.5057471 , -0.06156553],\n",
      "       [ 0.5142094 , -0.0031199 ,  0.857659  ,  0.73302674],\n",
      "       [ 0.        ,  0.        ,  0.        ,  1.        ]],\n",
      "      dtype=float32), 'pre_grasp': array([[ 0.1610056 ,  0.9825662 , -0.09295663,  0.57884586],\n",
      "       [-0.8424167 ,  0.18588708,  0.5057471 , -0.11214024],\n",
      "       [ 0.5142094 , -0.0031199 ,  0.857659  ,  0.64726084],\n",
      "       [ 0.        ,  0.        ,  0.        ,  1.        ]],\n",
      "      dtype=float32), 'post_grasp': array([[ 0.1610056 ,  0.9825662 , -0.09295663,  0.5695502 ],\n",
      "       [-0.8424167 ,  0.18588708,  0.5057471 , -0.06156553],\n",
      "       [ 0.5142094 , -0.0031199 ,  0.857659  ,  0.83302677],\n",
      "       [ 0.        ,  0.        ,  0.        ,  1.        ]],\n",
      "      dtype=float32)}, {'grasp': array([[-0.1610056 ,  0.9825662 , -0.09295663,  0.5695502 ],\n",
      "       [ 0.85919815,  0.18588708,  0.4766807 , -0.05874609],\n",
      "       [ 0.48564976, -0.0031199 , -0.8741479 ,  0.901012  ],\n",
      "       [ 0.        ,  0.        ,  0.        ,  1.        ]],\n",
      "      dtype=float32), 'pre_grasp': array([[-0.1610056 ,  0.9825662 , -0.09295663,  0.57884586],\n",
      "       [ 0.85919815,  0.18588708,  0.4766807 , -0.10641415],\n",
      "       [ 0.48564976, -0.0031199 , -0.8741479 ,  0.9884268 ],\n",
      "       [ 0.        ,  0.        ,  0.        ,  1.        ]],\n",
      "      dtype=float32), 'post_grasp': array([[-0.1610056 ,  0.9825662 , -0.09295663,  0.5695502 ],\n",
      "       [ 0.85919815,  0.18588708,  0.4766807 , -0.05874609],\n",
      "       [ 0.48564976, -0.0031199 , -0.8741479 ,  1.001012  ],\n",
      "       [ 0.        ,  0.        ,  0.        ,  1.        ]],\n",
      "      dtype=float32)}, {'grasp': array([[-0.1610056 ,  0.9825662 ,  0.09295663,  0.5515166 ],\n",
      "       [ 0.8424167 ,  0.18588708, -0.5057471 ,  0.03654941],\n",
      "       [-0.5142094 , -0.0031199 , -0.857659  ,  0.8994126 ],\n",
      "       [ 0.        ,  0.        ,  0.        ,  1.        ]],\n",
      "      dtype=float32), 'pre_grasp': array([[-0.1610056 ,  0.9825662 ,  0.09295663,  0.54222095],\n",
      "       [ 0.8424167 ,  0.18588708, -0.5057471 ,  0.08712412],\n",
      "       [-0.5142094 , -0.0031199 , -0.857659  ,  0.9851785 ],\n",
      "       [ 0.        ,  0.        ,  0.        ,  1.        ]],\n",
      "      dtype=float32), 'post_grasp': array([[-0.1610056 ,  0.9825662 ,  0.09295663,  0.5515166 ],\n",
      "       [ 0.8424167 ,  0.18588708, -0.5057471 ,  0.03654941],\n",
      "       [-0.5142094 , -0.0031199 , -0.857659  ,  0.9994126 ],\n",
      "       [ 0.        ,  0.        ,  0.        ,  1.        ]],\n",
      "      dtype=float32)}, {'grasp': array([[ 0.8641731 ,  0.06536912,  0.49893057,  0.5120232 ],\n",
      "       [-0.08511109,  0.9962283 ,  0.01689243, -0.00383235],\n",
      "       [-0.4959445 , -0.05706251,  0.8664773 ,  0.73132235],\n",
      "       [ 0.        ,  0.        ,  0.        ,  1.        ]],\n",
      "      dtype=float32), 'pre_grasp': array([[ 0.8641731 ,  0.06536912,  0.49893057,  0.46213016],\n",
      "       [-0.08511109,  0.9962283 ,  0.01689243, -0.00552159],\n",
      "       [-0.4959445 , -0.05706251,  0.8664773 ,  0.6446746 ],\n",
      "       [ 0.        ,  0.        ,  0.        ,  1.        ]],\n",
      "      dtype=float32), 'post_grasp': array([[ 0.8641731 ,  0.06536912,  0.49893057,  0.5120232 ],\n",
      "       [-0.08511109,  0.9962283 ,  0.01689243, -0.00383235],\n",
      "       [-0.4959445 , -0.05706251,  0.8664773 ,  0.8313224 ],\n",
      "       [ 0.        ,  0.        ,  0.        ,  1.        ]],\n",
      "      dtype=float32)}, {'grasp': array([[ 0.8641731 ,  0.06536912, -0.49893057,  0.6088157 ],\n",
      "       [-0.02792628,  0.9962283 ,  0.08215458, -0.01016278],\n",
      "       [ 0.5024191 , -0.05706251,  0.8627392 ,  0.731685  ],\n",
      "       [ 0.        ,  0.        ,  0.        ,  1.        ]],\n",
      "      dtype=float32), 'pre_grasp': array([[ 0.8641731 ,  0.06536912, -0.49893057,  0.6587088 ],\n",
      "       [-0.02792628,  0.9962283 ,  0.08215458, -0.01837824],\n",
      "       [ 0.5024191 , -0.05706251,  0.8627392 ,  0.6454111 ],\n",
      "       [ 0.        ,  0.        ,  0.        ,  1.        ]],\n",
      "      dtype=float32), 'post_grasp': array([[ 0.8641731 ,  0.06536912, -0.49893057,  0.6088157 ],\n",
      "       [-0.02792628,  0.9962283 ,  0.08215458, -0.01016278],\n",
      "       [ 0.5024191 , -0.05706251,  0.8627392 ,  0.831685  ],\n",
      "       [ 0.        ,  0.        ,  0.        ,  1.        ]],\n",
      "      dtype=float32)}, {'grasp': array([[-8.6417311e-01,  6.5369122e-02, -4.9893057e-01,  6.0881573e-01],\n",
      "       [ 8.5111089e-02,  9.9622828e-01, -1.6892426e-02, -5.5521837e-04],\n",
      "       [ 4.9594450e-01, -5.7062507e-02, -8.6647731e-01,  8.9941895e-01],\n",
      "       [ 0.0000000e+00,  0.0000000e+00,  0.0000000e+00,  1.0000000e+00]],\n",
      "      dtype=float32), 'pre_grasp': array([[-0.8641731 ,  0.06536912, -0.49893057,  0.6587088 ],\n",
      "       [ 0.08511109,  0.9962283 , -0.01689243,  0.00113402],\n",
      "       [ 0.4959445 , -0.05706251, -0.8664773 ,  0.9860667 ],\n",
      "       [ 0.        ,  0.        ,  0.        ,  1.        ]],\n",
      "      dtype=float32), 'post_grasp': array([[-8.6417311e-01,  6.5369122e-02, -4.9893057e-01,  6.0881573e-01],\n",
      "       [ 8.5111089e-02,  9.9622828e-01, -1.6892426e-02, -5.5521837e-04],\n",
      "       [ 4.9594450e-01, -5.7062507e-02, -8.6647731e-01,  9.9941897e-01],\n",
      "       [ 0.0000000e+00,  0.0000000e+00,  0.0000000e+00,  1.0000000e+00]],\n",
      "      dtype=float32)}, {'grasp': array([[-0.8641731 ,  0.06536912,  0.49893057,  0.5120232 ],\n",
      "       [ 0.02792628,  0.9962283 , -0.08215458,  0.00577521],\n",
      "       [-0.5024191 , -0.05706251, -0.8627392 ,  0.8990564 ],\n",
      "       [ 0.        ,  0.        ,  0.        ,  1.        ]],\n",
      "      dtype=float32), 'pre_grasp': array([[-0.8641731 ,  0.06536912,  0.49893057,  0.46213016],\n",
      "       [ 0.02792628,  0.9962283 , -0.08215458,  0.01399067],\n",
      "       [-0.5024191 , -0.05706251, -0.8627392 ,  0.9853303 ],\n",
      "       [ 0.        ,  0.        ,  0.        ,  1.        ]],\n",
      "      dtype=float32), 'post_grasp': array([[-0.8641731 ,  0.06536912,  0.49893057,  0.5120232 ],\n",
      "       [ 0.02792628,  0.9962283 , -0.08215458,  0.00577521],\n",
      "       [-0.5024191 , -0.05706251, -0.8627392 ,  0.9990564 ],\n",
      "       [ 0.        ,  0.        ,  0.        ,  1.        ]],\n",
      "      dtype=float32)}]\n",
      "ben_cube0 [{'grasp': array([[-0.18274243, -0.9774833 ,  0.10550639,  0.54975134],\n",
      "       [ 0.87859875, -0.21052329, -0.4286539 ,  0.03854276],\n",
      "       [ 0.44121358,  0.01436453,  0.89728713,  0.75996244],\n",
      "       [ 0.        ,  0.        ,  0.        ,  1.        ]],\n",
      "      dtype=float32), 'pre_grasp': array([[-0.18274243, -0.9774833 ,  0.10550639,  0.5392007 ],\n",
      "       [ 0.87859875, -0.21052329, -0.4286539 ,  0.08140816],\n",
      "       [ 0.44121358,  0.01436453,  0.89728713,  0.6702337 ],\n",
      "       [ 0.        ,  0.        ,  0.        ,  1.        ]],\n",
      "      dtype=float32), 'post_grasp': array([[-0.18274243, -0.9774833 ,  0.10550639,  0.54975134],\n",
      "       [ 0.87859875, -0.21052329, -0.4286539 ,  0.03854276],\n",
      "       [ 0.44121358,  0.01436453,  0.89728713,  0.85996246],\n",
      "       [ 0.        ,  0.        ,  0.        ,  1.        ]],\n",
      "      dtype=float32)}, {'grasp': array([[-0.18274243, -0.9774833 , -0.10550639,  0.5702196 ],\n",
      "       [ 0.8105245 , -0.21052329,  0.5465619 , -0.05605317],\n",
      "       [-0.5564667 ,  0.01436453,  0.83074576,  0.7664169 ],\n",
      "       [ 0.        ,  0.        ,  0.        ,  1.        ]],\n",
      "      dtype=float32), 'pre_grasp': array([[-0.18274243, -0.9774833 , -0.10550639,  0.5807702 ],\n",
      "       [ 0.8105245 , -0.21052329,  0.5465619 , -0.11070935],\n",
      "       [-0.5564667 ,  0.01436453,  0.83074576,  0.68334234],\n",
      "       [ 0.        ,  0.        ,  0.        ,  1.        ]],\n",
      "      dtype=float32), 'post_grasp': array([[-0.18274243, -0.9774833 , -0.10550639,  0.5702196 ],\n",
      "       [ 0.8105245 , -0.21052329,  0.5465619 , -0.05605317],\n",
      "       [-0.5564667 ,  0.01436453,  0.83074576,  0.86641693],\n",
      "       [ 0.        ,  0.        ,  0.        ,  1.        ]],\n",
      "      dtype=float32)}, {'grasp': array([[ 0.18274243, -0.9774833 , -0.10550639,  0.5702196 ],\n",
      "       [-0.87859875, -0.21052329,  0.4286539 , -0.04461609],\n",
      "       [-0.44121358,  0.01436453, -0.89728713,  0.93403614],\n",
      "       [ 0.        ,  0.        ,  0.        ,  1.        ]],\n",
      "      dtype=float32), 'pre_grasp': array([[ 0.18274243, -0.9774833 , -0.10550639,  0.5807702 ],\n",
      "       [-0.87859875, -0.21052329,  0.4286539 , -0.08748148],\n",
      "       [-0.44121358,  0.01436453, -0.89728713,  1.0237648 ],\n",
      "       [ 0.        ,  0.        ,  0.        ,  1.        ]],\n",
      "      dtype=float32), 'post_grasp': array([[ 0.18274243, -0.9774833 , -0.10550639,  0.5702196 ],\n",
      "       [-0.87859875, -0.21052329,  0.4286539 , -0.04461609],\n",
      "       [-0.44121358,  0.01436453, -0.89728713,  1.0340362 ],\n",
      "       [ 0.        ,  0.        ,  0.        ,  1.        ]],\n",
      "      dtype=float32)}, {'grasp': array([[ 0.18274243, -0.9774833 ,  0.10550639,  0.54975134],\n",
      "       [-0.8105245 , -0.21052329, -0.5465619 ,  0.04997984],\n",
      "       [ 0.5564667 ,  0.01436453, -0.83074576,  0.9275816 ],\n",
      "       [ 0.        ,  0.        ,  0.        ,  1.        ]],\n",
      "      dtype=float32), 'pre_grasp': array([[ 0.18274243, -0.9774833 ,  0.10550639,  0.5392007 ],\n",
      "       [-0.8105245 , -0.21052329, -0.5465619 ,  0.10463603],\n",
      "       [ 0.5564667 ,  0.01436453, -0.83074576,  1.0106562 ],\n",
      "       [ 0.        ,  0.        ,  0.        ,  1.        ]],\n",
      "      dtype=float32), 'post_grasp': array([[ 0.18274243, -0.9774833 ,  0.10550639,  0.54975134],\n",
      "       [-0.8105245 , -0.21052329, -0.5465619 ,  0.04997984],\n",
      "       [ 0.5564667 ,  0.01436453, -0.83074576,  1.0275816 ],\n",
      "       [ 0.        ,  0.        ,  0.        ,  1.        ]],\n",
      "      dtype=float32)}, {'grasp': array([[ 0.        ,  0.9980184 ,  0.06292301,  0.5534999 ],\n",
      "       [-0.91163224,  0.02586179, -0.4101924 ,  0.04335505],\n",
      "       [-0.41100687, -0.05736265,  0.90982574,  0.75230306],\n",
      "       [ 0.        ,  0.        ,  0.        ,  1.        ]],\n",
      "      dtype=float32), 'pre_grasp': array([[ 0.        ,  0.9980184 ,  0.06292301,  0.5472076 ],\n",
      "       [-0.91163224,  0.02586179, -0.4101924 ,  0.08437429],\n",
      "       [-0.41100687, -0.05736265,  0.90982574,  0.6613205 ],\n",
      "       [ 0.        ,  0.        ,  0.        ,  1.        ]],\n",
      "      dtype=float32), 'post_grasp': array([[ 0.        ,  0.9980184 ,  0.06292301,  0.5534999 ],\n",
      "       [-0.91163224,  0.02586179, -0.4101924 ,  0.04335505],\n",
      "       [-0.41100687, -0.05736265,  0.90982574,  0.8523031 ],\n",
      "       [ 0.        ,  0.        ,  0.        ,  1.        ]],\n",
      "      dtype=float32)}, {'grasp': array([[ 0.05449293,  0.9980184 ,  0.03146151,  0.55655164],\n",
      "       [-0.81105316,  0.02586179,  0.5844005 , -0.05312046],\n",
      "       [ 0.58242875, -0.05736265,  0.81085527,  0.7619032 ],\n",
      "       [ 0.        ,  0.        ,  0.        ,  1.        ]],\n",
      "      dtype=float32), 'pre_grasp': array([[ 0.05449293,  0.9980184 ,  0.03146151,  0.55340546],\n",
      "       [-0.81105316,  0.02586179,  0.5844005 , -0.11156051],\n",
      "       [ 0.58242875, -0.05736265,  0.81085527,  0.6808177 ],\n",
      "       [ 0.        ,  0.        ,  0.        ,  1.        ]],\n",
      "      dtype=float32), 'post_grasp': array([[ 0.05449293,  0.9980184 ,  0.03146151,  0.55655164],\n",
      "       [-0.81105316,  0.02586179,  0.5844005 , -0.05312046],\n",
      "       [ 0.58242875, -0.05736265,  0.81085527,  0.86190325],\n",
      "       [ 0.        ,  0.        ,  0.        ,  1.        ]],\n",
      "      dtype=float32)}, {'grasp': array([[ 6.9388939e-18,  9.9801838e-01, -6.2923014e-02,  5.6570697e-01],\n",
      "       [ 9.1163224e-01,  2.5861790e-02,  4.1019240e-01, -3.6222272e-02],\n",
      "       [ 4.1100687e-01, -5.7362650e-02, -9.0982574e-01,  9.2880929e-01],\n",
      "       [ 0.0000000e+00,  0.0000000e+00,  0.0000000e+00,  1.0000000e+00]],\n",
      "      dtype=float32), 'pre_grasp': array([[ 6.9388939e-18,  9.9801838e-01, -6.2923014e-02,  5.7199925e-01],\n",
      "       [ 9.1163224e-01,  2.5861790e-02,  4.1019240e-01, -7.7241510e-02],\n",
      "       [ 4.1100687e-01, -5.7362650e-02, -9.0982574e-01,  1.0197918e+00],\n",
      "       [ 0.0000000e+00,  0.0000000e+00,  0.0000000e+00,  1.0000000e+00]],\n",
      "      dtype=float32), 'post_grasp': array([[ 6.9388939e-18,  9.9801838e-01, -6.2923014e-02,  5.6570697e-01],\n",
      "       [ 9.1163224e-01,  2.5861790e-02,  4.1019240e-01, -3.6222272e-02],\n",
      "       [ 4.1100687e-01, -5.7362650e-02, -9.0982574e-01,  1.0288093e+00],\n",
      "       [ 0.0000000e+00,  0.0000000e+00,  0.0000000e+00,  1.0000000e+00]],\n",
      "      dtype=float32)}, {'grasp': array([[-0.05449293,  0.9980184 , -0.03146151,  0.5626552 ],\n",
      "       [ 0.81105316,  0.02586179, -0.5844005 ,  0.06025324],\n",
      "       [-0.58242875, -0.05736265, -0.81085527,  0.9192091 ],\n",
      "       [ 0.        ,  0.        ,  0.        ,  1.        ]],\n",
      "      dtype=float32), 'pre_grasp': array([[-0.05449293,  0.9980184 , -0.03146151,  0.5658014 ],\n",
      "       [ 0.81105316,  0.02586179, -0.5844005 ,  0.11869328],\n",
      "       [-0.58242875, -0.05736265, -0.81085527,  1.0002947 ],\n",
      "       [ 0.        ,  0.        ,  0.        ,  1.        ]],\n",
      "      dtype=float32), 'post_grasp': array([[-0.05449293,  0.9980184 , -0.03146151,  0.5626552 ],\n",
      "       [ 0.81105316,  0.02586179, -0.5844005 ,  0.06025324],\n",
      "       [-0.58242875, -0.05736265, -0.81085527,  1.0192091 ],\n",
      "       [ 0.        ,  0.        ,  0.        ,  1.        ]],\n",
      "      dtype=float32)}, {'grasp': array([[-1.7347235e-17,  9.9801838e-01,  6.2923014e-02,  5.5349988e-01],\n",
      "       [-9.1163224e-01,  2.5861790e-02, -4.1019240e-01,  4.3355051e-02],\n",
      "       [-4.1100687e-01, -5.7362650e-02,  9.0982574e-01,  7.5230306e-01],\n",
      "       [ 0.0000000e+00,  0.0000000e+00,  0.0000000e+00,  1.0000000e+00]],\n",
      "      dtype=float32), 'pre_grasp': array([[-1.7347235e-17,  9.9801838e-01,  6.2923014e-02,  5.4720759e-01],\n",
      "       [-9.1163224e-01,  2.5861790e-02, -4.1019240e-01,  8.4374294e-02],\n",
      "       [-4.1100687e-01, -5.7362650e-02,  9.0982574e-01,  6.6132051e-01],\n",
      "       [ 0.0000000e+00,  0.0000000e+00,  0.0000000e+00,  1.0000000e+00]],\n",
      "      dtype=float32), 'post_grasp': array([[-1.7347235e-17,  9.9801838e-01,  6.2923014e-02,  5.5349988e-01],\n",
      "       [-9.1163224e-01,  2.5861790e-02, -4.1019240e-01,  4.3355051e-02],\n",
      "       [-4.1100687e-01, -5.7362650e-02,  9.0982574e-01,  8.5230309e-01],\n",
      "       [ 0.0000000e+00,  0.0000000e+00,  0.0000000e+00,  1.0000000e+00]],\n",
      "      dtype=float32)}]\n"
     ]
    },
    {
     "name": "stdout",
     "output_type": "stream",
     "text": [
      "bottle0 [{'grasp': array([[ 0.6630415 , -0.6432998 ,  0.38280717,  0.65980476],\n",
      "       [-0.62783945, -0.7563736 , -0.1836209 , -0.09116691],\n",
      "       [ 0.40766853, -0.11859316, -0.90539604,  0.901028  ],\n",
      "       [ 0.        ,  0.        ,  0.        ,  1.        ]],\n",
      "      dtype=float32), 'pre_grasp': array([[ 0.6630415 , -0.6432998 ,  0.38280717,  0.62152404],\n",
      "       [-0.62783945, -0.7563736 , -0.1836209 , -0.07280482],\n",
      "       [ 0.40766853, -0.11859316, -0.90539604,  0.9915676 ],\n",
      "       [ 0.        ,  0.        ,  0.        ,  1.        ]],\n",
      "      dtype=float32), 'post_grasp': array([[ 0.6630415 , -0.6432998 ,  0.38280717,  0.65980476],\n",
      "       [-0.62783945, -0.7563736 , -0.1836209 , -0.09116691],\n",
      "       [ 0.40766853, -0.11859316, -0.90539604,  1.001028  ],\n",
      "       [ 0.        ,  0.        ,  0.        ,  1.        ]],\n",
      "      dtype=float32)}, {'grasp': array([[ 0.6630415 , -0.6432998 , -0.38280717,  0.73406935],\n",
      "       [-0.4729401 , -0.7563736 ,  0.45191446, -0.15281384],\n",
      "       [-0.5802617 , -0.11859316, -0.80574936,  0.89136225],\n",
      "       [ 0.        ,  0.        ,  0.        ,  1.        ]],\n",
      "      dtype=float32), 'pre_grasp': array([[ 0.6630415 , -0.6432998 , -0.38280717,  0.7723501 ],\n",
      "       [-0.4729401 , -0.7563736 ,  0.45191446, -0.19800529],\n",
      "       [-0.5802617 , -0.11859316, -0.80574936,  0.9719372 ],\n",
      "       [ 0.        ,  0.        ,  0.        ,  1.        ]],\n",
      "      dtype=float32), 'post_grasp': array([[ 0.6630415 , -0.6432998 , -0.38280717,  0.73406935],\n",
      "       [-0.4729401 , -0.7563736 ,  0.45191446, -0.15281384],\n",
      "       [-0.5802617 , -0.11859316, -0.80574936,  0.9913623 ],\n",
      "       [ 0.        ,  0.        ,  0.        ,  1.        ]],\n",
      "      dtype=float32)}, {'grasp': array([[-0.6630415 , -0.6432998 , -0.38280717,  0.73406935],\n",
      "       [ 0.62783945, -0.7563736 ,  0.1836209 , -0.12678936],\n",
      "       [-0.40766853, -0.11859316,  0.90539604,  0.72538114],\n",
      "       [ 0.        ,  0.        ,  0.        ,  1.        ]],\n",
      "      dtype=float32), 'pre_grasp': array([[-0.6630415 , -0.6432998 , -0.38280717,  0.7723501 ],\n",
      "       [ 0.62783945, -0.7563736 ,  0.1836209 , -0.14515145],\n",
      "       [-0.40766853, -0.11859316,  0.90539604,  0.63484156],\n",
      "       [ 0.        ,  0.        ,  0.        ,  1.        ]],\n",
      "      dtype=float32), 'post_grasp': array([[-0.6630415 , -0.6432998 , -0.38280717,  0.73406935],\n",
      "       [ 0.62783945, -0.7563736 ,  0.1836209 , -0.12678936],\n",
      "       [-0.40766853, -0.11859316,  0.90539604,  0.82538116],\n",
      "       [ 0.        ,  0.        ,  0.        ,  1.        ]],\n",
      "      dtype=float32)}, {'grasp': array([[-0.6630415 , -0.6432998 ,  0.38280717,  0.65980476],\n",
      "       [ 0.4729401 , -0.7563736 , -0.45191446, -0.06514244],\n",
      "       [ 0.5802617 , -0.11859316,  0.80574936,  0.73504686],\n",
      "       [ 0.        ,  0.        ,  0.        ,  1.        ]],\n",
      "      dtype=float32), 'pre_grasp': array([[-0.6630415 , -0.6432998 ,  0.38280717,  0.62152404],\n",
      "       [ 0.4729401 , -0.7563736 , -0.45191446, -0.01995099],\n",
      "       [ 0.5802617 , -0.11859316,  0.80574936,  0.65447193],\n",
      "       [ 0.        ,  0.        ,  0.        ,  1.        ]],\n",
      "      dtype=float32), 'post_grasp': array([[-0.6630415 , -0.6432998 ,  0.38280717,  0.65980476],\n",
      "       [ 0.4729401 , -0.7563736 , -0.45191446, -0.06514244],\n",
      "       [ 0.5802617 , -0.11859316,  0.80574936,  0.8350469 ],\n",
      "       [ 0.        ,  0.        ,  0.        ,  1.        ]],\n",
      "      dtype=float32)}, {'grasp': array([[-0.13618347,  0.98755866,  0.07862557,  0.6819269 ],\n",
      "       [-0.8408965 , -0.15718931,  0.5178655 , -0.14766976],\n",
      "       [ 0.5237816 ,  0.00440876,  0.85184115,  0.7298867 ],\n",
      "       [ 0.        ,  0.        ,  0.        ,  1.        ]],\n",
      "      dtype=float32), 'pre_grasp': array([[-0.13618347,  0.98755866,  0.07862557,  0.67406434],\n",
      "       [-0.8408965 , -0.15718931,  0.5178655 , -0.1994563 ],\n",
      "       [ 0.5237816 ,  0.00440876,  0.85184115,  0.6447026 ],\n",
      "       [ 0.        ,  0.        ,  0.        ,  1.        ]],\n",
      "      dtype=float32), 'post_grasp': array([[-0.13618347,  0.98755866,  0.07862557,  0.6819269 ],\n",
      "       [-0.8408965 , -0.15718931,  0.5178655 , -0.14766976],\n",
      "       [ 0.5237816 ,  0.00440876,  0.85184115,  0.82988673],\n",
      "       [ 0.        ,  0.        ,  0.        ,  1.        ]],\n",
      "      dtype=float32)}, {'grasp': array([[-0.13618347,  0.98755866, -0.07862557,  0.6971803 ],\n",
      "       [-0.8689329 , -0.15718931, -0.46930498, -0.05191423],\n",
      "       [-0.47582528,  0.00440876,  0.87952876,  0.727201  ],\n",
      "       [ 0.        ,  0.        ,  0.        ,  1.        ]],\n",
      "      dtype=float32), 'pre_grasp': array([[-0.13618347,  0.98755866, -0.07862557,  0.70504284],\n",
      "       [-0.8689329 , -0.15718931, -0.46930498, -0.00498373],\n",
      "       [-0.47582528,  0.00440876,  0.87952876,  0.63924813],\n",
      "       [ 0.        ,  0.        ,  0.        ,  1.        ]],\n",
      "      dtype=float32), 'post_grasp': array([[-0.13618347,  0.98755866, -0.07862557,  0.6971803 ],\n",
      "       [-0.8689329 , -0.15718931, -0.46930498, -0.05191423],\n",
      "       [-0.47582528,  0.00440876,  0.87952876,  0.827201  ],\n",
      "       [ 0.        ,  0.        ,  0.        ,  1.        ]],\n",
      "      dtype=float32)}, {'grasp': array([[ 0.13618347,  0.98755866, -0.07862557,  0.6971803 ],\n",
      "       [ 0.8408965 , -0.15718931, -0.5178655 , -0.04720386],\n",
      "       [-0.5237816 ,  0.00440876, -0.85184115,  0.8951439 ],\n",
      "       [ 0.        ,  0.        ,  0.        ,  1.        ]],\n",
      "      dtype=float32), 'pre_grasp': array([[ 0.13618347,  0.98755866, -0.07862557,  0.70504284],\n",
      "       [ 0.8408965 , -0.15718931, -0.5178655 ,  0.00458269],\n",
      "       [-0.5237816 ,  0.00440876, -0.85184115,  0.980328  ],\n",
      "       [ 0.        ,  0.        ,  0.        ,  1.        ]],\n",
      "      dtype=float32), 'post_grasp': array([[ 0.13618347,  0.98755866, -0.07862557,  0.6971803 ],\n",
      "       [ 0.8408965 , -0.15718931, -0.5178655 , -0.04720386],\n",
      "       [-0.5237816 ,  0.00440876, -0.85184115,  0.99514395],\n",
      "       [ 0.        ,  0.        ,  0.        ,  1.        ]],\n",
      "      dtype=float32)}, {'grasp': array([[ 0.13618347,  0.98755866,  0.07862557,  0.6819269 ],\n",
      "       [ 0.8689329 , -0.15718931,  0.46930498, -0.1429594 ],\n",
      "       [ 0.47582528,  0.00440876, -0.87952876,  0.8978296 ],\n",
      "       [ 0.        ,  0.        ,  0.        ,  1.        ]],\n",
      "      dtype=float32), 'pre_grasp': array([[ 0.13618347,  0.98755866,  0.07862557,  0.67406434],\n",
      "       [ 0.8689329 , -0.15718931,  0.46930498, -0.18988991],\n",
      "       [ 0.47582528,  0.00440876, -0.87952876,  0.98578244],\n",
      "       [ 0.        ,  0.        ,  0.        ,  1.        ]],\n",
      "      dtype=float32), 'post_grasp': array([[ 0.13618347,  0.98755866,  0.07862557,  0.6819269 ],\n",
      "       [ 0.8689329 , -0.15718931,  0.46930498, -0.1429594 ],\n",
      "       [ 0.47582528,  0.00440876, -0.87952876,  0.9978296 ],\n",
      "       [ 0.        ,  0.        ,  0.        ,  1.        ]],\n",
      "      dtype=float32)}, {'grasp': array([[-0.13223109,  0.9882746 ,  0.07634366,  0.68198216],\n",
      "       [-0.6810334 , -0.14654398,  0.71743876, -0.16780695],\n",
      "       [ 0.7202142 ,  0.04287513,  0.6924256 ,  0.77806944],\n",
      "       [ 0.        ,  0.        ,  0.        ,  1.        ]],\n",
